-1819387 8528106 6195712
8500284 -9438357 -6997581
-7243756 -368776 -5050256
7585207 3203233 -4584761
-9380763 7492670 9481262
-96194 -4227620 3871734
-1245977 -4000136 -9068707
2060864 -7611079 5329696
-5735217 2118582 -9462552
-3092575 -6209581 -110586
8289765 1971032 -1582479
4485477 471316 -1020837
7487896 3227559 8610387
-7562360 812766 1813620
-2147121 1432002 -693710
-2665859 -8664191 5078669
-8794124 89832 -8921466
-7862832 -7849303 -6532545
7466864 -3584521 5586036
8004311 3322904 9376455
-2106274 1612669 1347487
6311246 -3901854 -8181197
-4709591 -6413957 5046361
-6099203 -3976318 -4140872
5714416 3876561 7291130
-4979293 -8789298 8626938
